4,47
4294967279,369
4,39
4,35
4,25
4294967279,368
4,20
4294967278,557
4294967278,556
4,14
4294967278,555
4294967278,554
4294967279,367
4294967279,366
4294967279,365
4,11
4294967278,553
4294967279,364
4294967278,552
4,5
4294967278,551
4294967278,550
4294967279,363
4294967278,549
4294967279,362
4294967279,361
4294967278,548
4294967278,547
4294967279,360
4294967279,359
4294967279,358
4294967279,357
4294967279,356
4294967279,355
4294967279,354
4294967279,353
4294967279,352
4294967279,351
4294967279,350
4294967279,349
4294967279,348
4294967279,347
4294967279,346
4294967279,345
4294967279,344
4294967279,343
4294967279,342
4294967279,341
4294967279,340
4294967279,339
4294967279,338
4294967279,337
4294967279,336
4294967279,335
4294967279,334
4294967279,333
4294967279,332
4294967279,331
4294967279,330
4294967279,329
4294967279,328
4294967278,546
4294967279,327
4294967278,545
4,12
4,36
4,38
4,30
4,24
4,18
4294967278,544
4294967278,543
4294967278,542
4294967278,541
4294967278,540
4294967278,539
4294967278,538
4294967278,537
4294967278,536
4294967278,535
4294967278,534
4294967278,533
4294967278,532
4294967278,531
4294967278,530
4294967278,529
4294967278,528
4294967278,527
4294967278,526
4294967278,525
4294967278,524
4294967278,523
4294967278,522
4294967278,521
4294967278,520
4294967278,519
4294967278,518
4294967278,517
4294967279,326
4294967278,516
4294967279,325
4294967278,515
4,51
4,49
4,65
4,64
4294967279,324
4294967278,514
4,50
4,43
4,48
4,46
4,45
4,44
4294967278,513
4294967279,323
4,42
4,41
4,40
4,37
4,34
4294967279,322
4294967278,512
4,33
4,32
4,31
4294967278,319
4294967279,321
4,29
4294967279,320
4294967278,318
4,28
4,27
4,26
4,23
4294967279,319
4294967278,317
4294967279,318
4294967278,316
4,22
4,21
4,19
4294967279,317
4294967279,316
4,17
4294967279,315
4,16
4,15
4294967279,314
4294967278,315
4294967278,314
4,13
4294967278,313
4294967278,312
4294967278,311
4294967278,310
4294967279,313
4294967278,309
4294967279,312
4294967278,308
4294967279,311
4294967279,310
4294967279,309
4294967278,307
4294967279,308
4294967278,306
4294967279,307
4,10
4294967279,306
4294967278,305
4,9
4,8
4294967278,304
4294967278,303
4294967279,305
4294967278,302
4294967279,304
4294967279,303
4,7
4,6
4294967278,301
4294967278,300
4294967278,299
4294967279,302
4294967278,298
4294967278,297
4294967279,301
4294967279,300
4294967278,296
4294967279,299
4294967278,295
4294967279,298
4294967278,294
4294967279,297
4294967278,293
4294967279,296
4294967278,292
4294967279,295
4294967278,291
4294967279,294
4294967278,290
4294967279,293
4294967278,289
4294967279,292
4294967278,288
4294967279,291
4294967278,287
4294967278,286
4294967279,290
4294967279,289
4294967278,285
4294967278,284
4294967279,288
4294967278,283
4294967278,282
4294967279,287
4294967293,131
4294967293,130
4294967293,129
4294967293,128
4294967293,127
4294967293,126
4294967293,125
4294967293,124
4294967293,123
4294967293,122
4294967293,121
4294967293,120
4294967293,119
4294967293,118
4294967293,117
4294967293,116
4294967293,115
4294967293,114
4294967293,113
4294967293,112
4294967293,111
4294967293,110
4294967293,109
4294967293,108
4294967293,107
4294967293,106
4294967293,105
4294967293,104
4294967293,103
4294967293,102
4294967293,101
4294967293,100
4294967293,99
4294967293,98
4294967293,97
4294967293,96
4294967293,95
4294967293,94
4294967293,93
4294967293,92
4294967293,91
4294967293,90
4294967293,89
4294967293,88
4294967293,87
4294967293,86
4294967293,85
4294967293,84
4294967293,83
4294967293,82
4294967293,81
4294967293,80
4294967293,79
4294967293,78
4294967293,77
4294967293,76
4294967293,75
4294967293,74
4294967293,73
4294967293,72
4294967293,71
4294967293,70
4294967293,69
4294967293,68
4294967293,67
4294967293,66
4294967293,65
4294967293,64
4294967293,63
4294967293,62
4294967293,61
4294967293,60
4294967293,59
4294967293,58
4294967293,57
4294967293,56
4294967293,55
4294967293,54
4294967293,53
4294967293,52
4294967293,51
4294967293,50
4294967293,49
4294967293,48
4294967293,47
4294967293,46
4294967293,45
4294967293,44
4294967293,43
4294967293,42
4294967293,41
4294967293,40
